27924_42	23S_2_WT/C2611T	100.000	567	0	0	4444	5010	1	567	0.0	1048
27924_42	23S_70_WT/C2611T	99.824	567	1	0	4444	5010	1	567	0.0	1042
27924_42	23S_66_WT/C2611T	99.824	567	1	0	4444	5010	1	567	0.0	1042
27924_42	23S_41_WT/C2611G	99.824	567	1	0	4444	5010	1	567	0.0	1042
27924_42	23S_16_WT/C2611T	99.824	567	1	0	4444	5010	1	567	0.0	1042
27924_42	23S_7_WT/C2611T	99.824	567	1	0	4444	5010	1	567	0.0	1042
27924_42	23S_100_WT/WT_WHO-F	99.824	567	1	0	4444	5010	1	567	0.0	1042
27924_42	23S_42_WT/WT	99.823	566	1	0	4445	5010	2	567	0.0	1040
27924_42	23S_31_WT/WT	99.823	565	1	0	4444	5008	1	565	0.0	1038
27924_42	23S_74_WT/WT	99.647	567	2	0	4444	5010	1	567	0.0	1037
